0001    1
0002    1
0003    1
0004    1
0005    1
0006    1
0007    6
0008    1
0009    6
0010    2
0011    5
0012    1
0013    1
0014    1
0015    5
0017    1
0018    1
0019    6
0020    5
0021    2
0022    5
0023    2
0024    1
0025    1
0026    1
0027    1
0028    1
0029    1
0030    6
0031    5
0032    5
0033    6
0034    6
0035    6
0036    5
0037    1
0038    5
0039    2
0040    1
0041    1
0042    1
0043    6
0044    6
0045    1
0046    1
0047    1
0048    1
0049    1
0050    5
0051    1
0052    1
0053    1
0054    5
0055    1
0056    1
0057    1
0058    6
0059    1
0060    6
0061    2
0062    2
0063    2
0064    1
0065    2
0066    1
0067    5
0068    1
0069    1
0070    1
0071    1
0072    6
0073    1
0074    1
0075    2
0076    2
0077    2
0078    2
0079    1
0080    5
0081    1
0082    1
0083    5
0084    1
0085    1
0086    1
0087    1
0088    1
0089    1
0090    5
0091    1
0092    1
0093    6
0094    1
0095    5
0096    2
0097    1
0098    2
0099    2
0100    5